8665
8261
8238
55414
57008
57191
56755
57088
56882
56578
56856
56366
56646
56905
56592
56391
56812
57131
56361
57055
57166
56827
56428
56335
56226
56477
56616
56655
56968
57167
56876
57327
56960
56570
56829
56024
56335
56334
56587
55989
55993
56230
56046
56111
56339
56793
56844
57032
56712
56511
56648
56711
56684
56302
56158
56862
56600
56700
57101
56886
56715
57376
56778
56199
56648
56669
56182
56231
56217
56653
56562
56383
56028
56122
55514
55753
55759
56063
55802
56433
56516
56445
56287
56493
56587
56414
56378
56665
56315
56370
56105
55932
55434
55945
55885
56233
55631
56163
56103
56255
56295
56489
56501
56173
56161
56223
56119
56863
56217
56593
56511
56609
55988
55671
56211
56397
56277
56575
56256
56117
56350
56541
55871
55602
56103
56083
56723
56652
56575
56591
56073
55951
55396
55384
55310
55734
56240
55994
56128
56750
56277
56535
56281
56651
56747
56573
56574
56180
56062
56086
56309
55967
56137
55775
55441
56159
56511
56215
55753
56234
56013
56540
56673
55760
55863
56212
56395
56393
56252
56167
56085
56242
55875
55974
55776
56492
56472
56995
56014
56438
56451
56225
56044
55551
56152
56567
55858
55652
55423
55387
55886
55510
55348
56154
56370
55165
56363
55999
56139
56228
56311
55992
56107
56448
56455
56404
56249
55795
55562
56127
56041
55900
56293
56019
56075
56097
56035
55890
56374
56706
56239
56458
55999
56149
56367
56267
56226
55927
56224
55793
56348
55719
55692
55487
55687
56249
56497
56271
56351
56761
56643
56376
55943
56064
56394
56072
56316
56228
56357
56168
56260
56155
56147
55669
56057
55959
56056
56274
55917
55981
56200
55995
55641
56143
56743
55942
56665
56435
56358
56383
56430
56179
55801
55802
56013
56344
56501
56448
56087
56381
55967
56032
56271
56355
56810
56640
56716
56656
