56462
8258
8251
55442
57124
57188
56750
57139
56879
56557
56888
56421
56647
56983
56628
56416
56846
57146
56447
57087
57224
56841
56451
56403
56247
56574
56755
56698
57034
57191
56947
57335
56992
56599
56895
56007
56471
56370
56720
56072
56018
56255
56150
56184
56367
56815
56862
57045
56746
56565
56671
56775
56790
56326
56191
56867
56565
56722
57146
56938
56781
56731
56832
56276
56693
56765
56287
56338
56293
56611
56697
56436
56117
56182
55587
55874
55811
56089
55871
56497
56588
56494
56338
56547
56605
56472
56441
56730
56440
56406
56174
55901
55487
55989
55909
56315
55638
56240
56169
56352
56365
56536
56558
56252
56299
56250
56243
56879
56291
56625
56675
56643
56133
55801
56325
56437
56326
56626
56285
56180
56418
56653
56059
55728
56119
56130
56773
56704
56645
56721
56197
56010
55500
55456
55453
55840
56305
56049
56159
56853
56306
56639
56357
56776
56789
56674
56669
56191
56139
56186
56380
56039
56223
55831
55555
56208
56606
56241
55866
56276
56141
56587
56761
55807
55995
56290
56500
56490
56379
56274
56118
56350
55913
56059
55810
56575
56548
57086
56053
56543
56484
56287
56128
55611
56260
56623
55920
55767
55488
55486
55952
55615
55408
56185
56441
55289
56455
56044
56229
56319
56345
56059
56191
56509
56497
56497
56286
55883
55584
56254
56077
56018
56370
56120
56092
56152
56096
55948
56382
56734
56319
56510
56115
56175
56471
56283
56307
56025
56327
55875
56362
55798
55766
55579
55775
56263
56527
56349
56369
56880
56716
56443
55983
56151
56464
56173
56384
56281
56441
56191
56378
56119
56191
55726
56095
56040
56122
56320
55983
56112
56205
56017
55702
56214
56774
55919
56579
56470
56428
56398
56512
56151
55911
55795
56082
56365
56635
56511
56157
56426
56038
56106
56367
56342
56827
56698
56755
56738
