18999
8693
8672
30975
30989
30646
30699
30498
30460
30067
30459
30527
30254
30385
30618
30654
29771
30511
30560
31510
36671
39909
41802
40586
38156
37643
38835
40469
43522
48357
54383
58046
57967
58328
58213
58095
58229
58484
58597
58606
58331
58710
58205
58562
58158
57986
58411
58224
57881
58010
57703
58213
58185
57909
58172
58612
57695
58186
58495
58008
58111
58068
58218
58364
58093
58377
58291
57881
58288
58367
58011
58284
58752
58381
58479
57945
58434
58219
57915
58295
58091
58564
58815
57855
57727
58263
58002
58317
58420
58260
58542
58413
57779
58024
58061
58247
58140
58016
58278
57615
57743
57315
58068
58508
58223
58274
58359
58676
58484
58506
58429
58201
57967
58043
58348
58216
58087
58119
58317
58206
57964
58139
58223
58325
58147
58364
58045
58391
57844
58357
58163
57620
58205
58031
58314
58224
58502
58195
58162
58143
58098
58687
58283
58101
58187
58451
58215
57903
58320
58406
58427
57914
57964
58191
58334
58203
57981
58213
57675
58432
58651
58372
58268
57727
57802
58317
58731
58343
57869
58674
58709
58438
57963
57943
58023
56320
52807
49535
46619
45173
43592
42719
41158
39987
39573
39165
39791
38679
38131
37384
36923
36364
36063
35764
36087
36287
36955
39407
41811
44827
46367
46366
46045
43755
39255
35354
32832
31779
30367
29599
29125
26949
26355
26220
26383
25818
25610
25614
25146
25905
24976
24535
24625
25189
25783
25298
25773
26386
28352
30745
35318
40047
43184
43284
42399
42066
38101
33653
28887
26773
26722
26812
28030
28520
29675
29959
28779
27931
26519
25146
24087
23315
23016
22689
23596
22770
22267
22305
21606
22391
20823
20104
19591
19285
18981
18557
18834
18750
18283
17935
17798
17513
18324
17982
17762
18146
18316
18347
18231
19398
19201
19327
19690
19839
20282
19596
19254
18383
