18335
8273
8247
24938
25099
25212
25235
25753
24682
25606
24393
24890
24301
24398
24992
24163
23827
24604
24429
24729
24663
24844
27806
30843
34181
34991
34834
33108
32733
33565
35546
39291
44638
50972
56007
55984
56375
56406
56663
56216
56171
56372
56210
56263
56415
56919
56875
57163
56791
56654
56790
56967
56933
56487
56372
57023
56719
56805
57243
57059
56914
56859
56985
56388
56829
56825
56375
56460
56471
56822
56799
56591
56303
56415
55821
56063
55979
56267
55999
56654
56684
56591
56399
56595
56716
56631
56567
56839
56441
56442
56329
56063
55636
56156
56160
56471
55776
56261
56264
56447
56520
56681
56782
56415
56503
56453
56392
57068
56439
56829
56783
56879
56224
56007
56517
56592
56495
56813
56463
56281
56511
56733
56159
55845
56274
56291
56905
56851
56843
56652
56269
56099
55599
55519
55470
55861
56385
56043
56236
56873
56320
56635
56380
56741
56792
56683
56620
56189
56164
56135
56384
55973
56240
55842
55592
56162
56644
56298
55880
56328
56029
56587
56718
55823
55909
56271
56462
56469
56310
56215
56084
56208
55893
55981
55805
56511
56532
57013
55968
56043
54220
50464
46979
44702
43029
42426
41539
41466
40282
40739
38591
38308
37866
37238
37444
35850
35026
34687
34684
34966
35277
37484
37930
40056
42715
45022
45614
44703
42476
41549
36854
35175
30961
29715
28937
27938
27093
25860
25306
24888
24820
25255
24819
25448
24725
23980
25339
23923
23828
23656
24429
25170
26356
28047
28716
31314
34662
38135
41546
41624
40293
39126
37000
33773
30403
26931
26603
25561
26195
26581
27833
28280
27093
26821
25505
24461
23772
22551
22096
22365
21664
21354
21850
20869
20381
20564
20257
19081
18696
18495
18219
18649
17980
17904
17564
17031
17063
16697
17097
17482
17983
17206
16790
17696
17923
17351
17765
19207
