62919
62804
62799
62815
62824
62827
62839
62807
62837
62863
62847
62847
62863
62879
62876
62911
62879
62919
62880
62900
62880
62880
62895
63336
62868
62836
62831
62867
62861
62847
62831
62869
62875
62872
62848
62834
62883
62886
62885
62871
62906
62936
62868
62842
62845
62887
62896
62870
62856
62847
62877
62885
62847
62867
62870
62847
62847
62895
62901
62861
62887
62903
62895
62882
62904
62896
62880
62859
62912
62885
62900
62927
62872
62884
62869
62861
62866
62879
62847
62858
62827
62875
62841
62871
62847
62854
62868
62935
62864
62856
62859
62875
62840
62847
62862
62869
62883
62887
62887
62893
62895
62899
62885
62939
62904
62872
62840
62849
62823
62847
62873
62845
62899
62937
62919
62896
62951
62935
62931
62903
62925
62939
62905
62911
62943
62927
62919
62911
62913
62879
62899
62909
62911
62866
62879
62892
62887
62856
62875
62860
62893
62883
62871
62863
62847
62851
62839
62846
62832
62855
62847
62859
62845
62863
62859
62871
62879
62861
62854
62863
62863
62840
62836
62856
62890
62847
62863
62871
62895
62874
62842
62859
62875
62884
62847
62879
62863
62831
62863
62945
62890
62864
62858
62828
62847
62879
62891
62917
62918
62840
62822
62815
62879
62869
62903
62896
62855
62838
62883
62847
62903
62864
62868
62863
62867
62850
62843
62856
62904
62896
62850
62858
62872
62923
62929
62912
62831
62891
62911
62911
62900
62894
62843
62867
62886
62931
62888
62836
62885
62858
62862
62887
62925
62879
62909
62934
62888
62888
62882
62891
62847
62899
62911
62938
62853
62837
62867
62909
62908
62864
62866
62881
62864
62878
62931
62898
62876
62877
62893
62919
62911
62880
62868
62852
62881
62883
62895
62907
62951
62936
62856
62875
62873
62868
62871
62909
62931
62879
62903
62931
62896
62880
62896
62891
62867
62857
62885
62856
