7972
7928
7935
7928
7925
7931
7928
7930
7942
7923
7921
7919
7920
7924
7924
7940
7918
7921
7927
7933
7928
7921
7917
7929
7926
7932
7933
7922
7919
7929
7927
7921
7920
7931
7926
7922
7924
7932
7928
7932
7922
7920
7929
7928
7927
7932
7930
7935
7933
7926
7926
7922
7920
7933
7925
7919
7923
7930
7924
7917
7925
7939
7916
7924
7918
7928
7922
7917
7921
7928
7937
7938
7929
7926
7922
7920
7919
7932
7922
7919
7918
7922
7924
7937
7930
7924
7921
7920
7929
7922
7928
7926
7920
7931
7932
7925
7923
7928
7930
7924
7936
7929
7925
7930
7933
7927
7927
7919
7936
7935
7913
7931
7924
7919
7935
7924
7920
7921
7918
7931
7925
7921
7935
7922
7923
7930
7922
7918
7923
7925
7917
7917
7926
7924
7926
7926
7930
7930
7927
7919
7926
7930
7923
7919
7930
7923
7921
7930
7924
7921
7931
7923
7922
7926
7917
7922
7932
7928
7925
7930
7928
7924
7926
7922
7917
7920
7929
7920
7921
7920
7919
7920
7919
7920
7918
7931
7921
7919
7932
7918
7920
7927
7921
7936
7928
7928
7936
7923
7935
7925
7918
7930
7925
7938
7933
7925
7922
7931
7937
7924
7918
7933
7925
7923
7920
7921
7924
7920
7917
7929
7929
7922
7919
7920
7932
7925
7922
7929
7929
7925
7919
7934
7922
7929
7925
7934
7935
7926
7926
7912
7930
7923
7922
7926
7931
7922
7920
7932
7920
7938
7920
7929
7923
7923
7920
7928
7929
7926
7923
7922
7936
7928
7934
7928
7924
7921
7934
7923
7926
7921
7919
7919
7918
7918
7929
7922
7923
7929
7923
7920
7933
7920
7925
7927
7922
7920
7922
7916
7945
7927
7920
7926
7924
7923
7922
7918
7930
7926
