56450
8353
8286
6731
6764
6736
6572
6701
6706
6662
6827
6707
6706
6728
6688
6725
6699
6636
6744
6715
6662
6812
6768
6932
6837
6675
6754
6706
6687
6784
6641
6767
6722
6692
6850
6773
6864
7020
7353
7757
7703
7613
7644
7380
7349
7429
7296
7543
7452
7593
8148
8788
9049
9108
8458
8218
7916
7874
8052
8047
8301
8332
8280
8335
8327
8386
8472
8482
8428
8559
8446
8625
8576
8781
8861
8656
8437
8477
8233
8272
8154
8051
8159
8003
8052
8146
8033
8313
8358
8431
8523
8622
8798
9069
9392
10111
11002
11327
11448
10937
10431
10038
9738
9856
9791
9830
9981
9904
9864
10156
10070
10342
10390
10357
10320
10138
10087
9945
9740
9712
9422
9328
9339
9123
9036
9142
9178
9275
9051
8915
8862
8692
8570
8468
8314
8294
7922
7852
7823
7609
7631
7574
7415
7419
7372
7272
7415
7386
7354
7252
7135
7202
7131
7155
7251
7133
7148
7167
7037
7042
6970
6975
7018
6934
6935
6990
6946
6992
6885
6941
7037
6951
6968
7029
6851
6976
6961
6886
6938
6851
6850
6956
6820
6996
6908
6889
7030
7023
7124
7139
6925
7089
7020
6913
6946
6885
6894
6921
6777
6879
6819
6863
6883
6886
6823
6962
6812
7008
6961
6956
6929
6860
6832
6887
6870
6892
6845
6813
6899
6772
6830
6852
6687
6854
6867
6829
6892
6761
6821
6924
6960
7047
7103
7077
6966
6844
6874
6909
6778
6918
6839
6778
6990
6867
6917
7099
6870
6907
6888
6946
7000
6866
7018
7106
7016
7008
7028
7082
7101
7103
7049
7070
6981
7070
6974
6962
7010
6876
6907
6973
6974
7010
7059
7043
7076
6926
6923
6921
6935
7098
7043
6925
6941
6940
6919
6963
6998
7092
