56511
8456
8314
6796
6726
6761
6660
6772
6719
6731
6870
6780
6730
6757
6740
6748
6745
6727
6797
6706
6833
6820
6849
6966
6876
6754
6880
6732
6705
6816
6721
6764
6768
6716
6855
6792
6901
7050
7300
7648
7644
7562
7625
7280
7327
7359
7228
7455
7342
7472
8089
8692
8936
9039
8483
8115
7939
7840
8006
7939
8096
8080
8004
8243
8072
8189
8307
8173
8185
8258
8191
8313
8316
8333
8365
8337
8155
8204
7949
7994
7898
7832
7898
7870
7838
7906
7804
7988
7918
7893
8046
8078
8113
8361
8445
8949
9471
9836
9844
9364
8930
8612
8394
8460
8444
8289
8446
8312
8430
8484
8531
8748
8698
8624
8572
8356
8392
8396
8208
8196
8030
8031
8136
7988
7949
7984
7898
8036
7939
7827
7774
7741
7720
7682
7600
7662
7448
7366
7320
7204
7194
7250
7069
7117
7108
7040
7215
7117
7108
7086
6956
7040
7026
7066
7165
7013
6969
7076
6931
6939
6905
6884
6978
6888
6898
6964
6933
6939
6866
6940
7030
6962
6964
6975
6845
6913
6903
6880
6996
6924
6892
6936
6841
7044
6887
6897
7028
7073
7128
7169
6988
7107
7035
6939
6928
6949
6941
6974
6848
6914
6825
6864
6926
6881
6805
6999
6857
7016
7032
6957
6952
6880
6823
6921
6834
7014
6827
6854
6951
6766
6858
6838
6722
6937
6870
6904
6946
6880
6851
7008
6989
7077
7141
7100
7021
6892
6857
6900
6834
6940
6873
6828
6989
6888
7013
7093
6907
6958
6941
6970
7062
6920
7068
7172
6993
7078
7037
7137
7145
7105
7058
7107
7050
7100
7022
7044
7068
6866
6894
7019
7017
7110
7093
7041
7094
6979
6979
6943
6948
7142
7083
6944
6990
6962
6922
7041
7002
7132
