9669
8131
8110
12698
13312
14863
15822
16270
16036
14495
13588
12975
13259
14021
14451
14758
14779
14823
15356
16204
17257
19076
22374
29977
49967
55274
55779
55768
50093
42335
41175
44452
48735
53001
55647
55261
55612
55574
56095
55616
55376
55543
55359
55334
55585
56107
56109
56269
55924
55887
55951
56085
56079
55796
55533
56169
55779
55940
56443
56265
56031
56096
56182
55495
56011
56004
55541
55707
55637
55991
55965
55711
55414
55563
54911
55191
55040
55391
55195
55773
55936
55739
55563
55750
55903
55687
55638
56087
55659
55575
55472
55183
54830
55276
55839
55807
55078
55615
55495
55834
55720
55884
55947
55513
55578
55673
55497
56187
55520
55941
55881
56008
55407
55087
55613
55771
55623
55939
55636
55449
55615
55959
55263
54942
55503
55399
56059
55947
55935
55934
55444
55391
54823
54715
54806
55082
55562
55320
55371
56075
55539
55859
55519
55839
55768
55069
54123
52582
50822
48979
47093
44866
43177
40870
39319
37336
36027
34409
33186
31910
30563
29559
28617
27150
26815
25736
24824
24269
23146
22148
21763
21358
20702
20424
20132
19870
19460
18785
18079
17154
16564
15983
15402
15340
14931
14752
14712
14524
14385
14408
14114
14165
14006
13550
13539
13239
13151
13222
13428
13615
14042
14949
16224
18159
19161
19762
19739
18806
17477
15454
14071
13309
12580
12234
11644
11350
10945
10603
10674
10703
10784
10859
10659
10929
10704
10643
10785
10521
10796
11160
11283
11459
11927
12801
13704
15348
17514
18730
18553
18252
17253
16267
14298
12465
11715
11861
12055
12319
12408
12645
12823
12425
12275
11915
11245
10745
10379
10448
10592
10391
10403
10396
10235
10108
9786
9668
9595
9329
9254
9276
9212
9188
9037
8919
8956
8841
8741
8808
8825
8955
8898
8832
8843
8897
9057
9396
9585
9781
