7910
7913
7903
7914
7921
7920
7906
7909
7917
7910
7913
7909
7910
7916
7913
7910
7917
7918
7917
7917
7914
7908
7917
7918
7914
7905
7922
7915
7908
7917
7919
7924
7918
7911
7909
7909
7919
7915
7908
7920
7923
7919
7916
7910
7908
7923
7916
7923
7914
7911
7914
7913
7912
7914
7905
7920
7922
7918
7912
7910
7915
7919
7919
7925
7902
7907
7924
7911
7905
7912
7917
7920
7908
7906
7902
7914
7914
7912
7906
7917
7910
7905
7912
7914
7913
7904
7906
7914
7915
7905
7915
7919
7914
7915
7915
7917
7906
7908
7921
7913
7917
7924
7917
7914
7909
7919
7922
7914
7913
7911
7905
7908
7923
7914
7908
7913
7913
7919
7913
7921
7920
7914
7908
7921
7917
7906
7916
7912
7926
7920
7920
7915
7914
7914
7925
7906
7914
7907
7909
7909
7912
7916
7914
7912
7923
7912
7920
7915
7912
7915
7921
7921
7916
7918
7915
7912
7907
7915
7914
7913
7914
7914
7911
7905
7910
7921
7914
7910
7911
7908
7909
7909
7908
7922
7917
7909
7908
7912
7924
7917
7916
7921
7920
7918
7914
7909
7915
7917
7914
7910
7919
7923
7919
7917
7912
7915
7917
7909
7920
7916
7913
7914
7916
7918
7914
7915
7906
7924
7914
7909
7917
7922
7922
7915
7925
7914
7924
7915
7906
7916
7917
7924
7913
7925
7918
7921
7922
7914
7908
7920
7927
7919
7920
7910
7922
7917
7922
7904
7916
7908
7910
7914
7914
7911
7915
7914
7908
7912
7913
7908
7904
7905
7913
7933
7928
7928
7930
7922
7910
7918
7919
7918
7918
7913
7909
7903
7909
7910
7913
7918
7909
7907
7908
7907
7922
7912
7916
7918
7917
7925
7916
7916
7917
7920
7921
7911
7913
7909
