8169
8085
8134
8110
8105
8266
8125
8089
8082
8089
7984
7996
8004
7987
8013
8015
8004
8005
8049
8078
8097
8277
8016
8011
8003
8025
8000
7990
7989
7977
7986
7968
7977
7974
7986
7984
7992
7992
7987
7981
7978
8004
7989
7980
7986
7988
7965
7965
7957
7982
7972
7977
7976
7965
7986
7975
7978
7971
7975
7961
7978
7971
7988
7973
7980
7977
7977
7968
7968
7971
7987
7968
7974
7964
7974
7961
7980
7969
7965
7972
7971
7982
7974
7960
7967
7963
7976
7970
7970
7970
7976
7977
7978
7978
7983
7980
7973
7966
7981
7970
7981
7977
7994
7967
7972
7977
7981
7962
7977
7977
7979
7987
7980
7974
7972
7969
7966
7963
7979
7979
7977
7984
7993
7980
7976
7986
7986
7974
7985
7988
7979
7977
7973
7979
7993
7963
7986
7976
7981
7978
7992
7979
7981
7978
7983
7979
7980
7960
7968
7974
7981
7986
7988
7988
7984
7978
7981
7968
7983
7988
7990
7982
7984
7971
7990
7983
7988
7972
7977
7974
7971
7989
7986
7976
7979
7985
7976
7982
7983
7981
7990
7979
7994
8002
7987
7989
7998
7985
7976
7980
7999
7988
8003
7990
7990
7986
7983
7980
7993
7994
8008
7995
8004
7993
7992
7986
8043
8025
8045
8039
8036
8036
8039
8020
8055
8040
8053
8040
8050
8045
8055
8053
8053
8048
8048
8038
8061
8034
8055
8049
8063
8046
8054
8046
8071
8055
8067
8056
8048
8071
8069
8058
8033
8034
8046
8036
8244
8191
8250
8251
8259
8236
8267
8227
8263
8250
8255
8236
8062
8052
8062
8056
8239
8180
8245
8247
8248
8236
8248
8235
8250
8235
8251
8229
8262
8231
8268
8238
8255
8237
8259
8233
8256
8234
8258
8235
8255
8219
