7970
8208
8197
8191
8193
8197
8190
8188
8194
8176
8182
8187
8181
8178
8172
8172
8182
8166
8164
8165
8167
8161
8170
8161
8220
8156
8152
8153
8154
8144
8153
8152
8148
8145
8146
8141
8145
8149
8152
8145
8140
8142
8134
8131
8129
8137
8141
8141
8137
8141
8131
8131
8144
8133
8137
8131
8132
8138
8130
8120
8131
8124
8136
8129
8127
8132
8121
8125
8127
8114
8128
8121
8128
8116
8115
8126
8130
8126
8110
8113
8112
8114
8118
8117
8118
8109
8113
8120
8114
8112
8113
8116
8107
8103
8113
8108
8108
8108
8118
8106
8101
8106
8116
8105
8105
8121
8103
8099
8107
8106
8105
8100
8101
8105
8108
8102
8108
8094
8092
8102
8106
8101
8088
8092
8085
8097
8096
8097
8092
8083
8098
8093
8092
8084
8096
8099
8060
8061
8060
8067
8063
8063
8063
8058
8053
8053
8061
8056
8060
8064
8052
8051
8069
8059
8051
8062
8061
8060
8066
8059
8063
8067
8055
8056
8065
8044
8060
8062
8057
8056
8053
8056
8055
8051
8060
8044
8042
8058
8048
8052
8055
8058
8058
8040
8060
8062
8048
8057
8049
8051
8055
8051
8038
8048
8049
8049
8048
8057
8040
8036
8048
8048
8052
8048
8059
8042
8051
8049
8054
8045
8058
8057
8049
8046
8045
8056
8040
8044
8049
8060
8043
8054
8051
8041
8054
8040
8042
8045
8054
8044
8050
8042
8032
8038
8040
8032
8048
8037
8035
8046
8032
8034
8047
8034
8030
8028
8028
8035
8029
8034
8026
8027
8037
8029
8018
8032
8033
8031
8022
8029
8033
8023
8025
8034
8034
8028
8017
8024
8032
8026
8022
8031
8029
8022
8024
8027
8029
8026
8024
8027
8016
8024
8017
8030
8031
8024
8024
8025
