7977
8184
8184
8181
8180
8176
8177
8179
8176
8172
8177
8167
8165
8158
8299
8150
8166
8169
8160
8156
8154
8152
8158
8150
8161
8152
8144
8157
8153
8152
8139
8148
8147
8144
8141
8151
8136
8136
8138
8145
8138
8132
8123
8136
8133
8131
8138
8131
8125
8134
8133
8120
8112
8125
8119
8126
8123
8123
8140
8113
8107
8122
8120
8121
8111
8113
8112
8112
8120
8113
8112
8104
8111
8114
8117
8108
8117
8116
8112
8103
8106
8114
8105
8112
8107
8103
8100
8103
8112
8096
8087
8095
8096
8095
8095
8092
8098
8096
8103
8093
8095
8098
8099
8084
8097
8097
8101
8089
8096
8094
8092
8090
8091
8096
8099
8092
8092
8089
8098
8084
8088
8099
8082
8077
8091
8085
8087
8082
8086
8085
8088
8082
8083
8082
8075
8084
8080
8083
8081
8081
8078
8082
8073
8080
8089
8074
8082
8085
8084
8081
8078
8086
8070
8074
8076
8067
8069
8073
8083
8073
8078
8086
8076
8072
8070
8075
8072
8074
8074
8070
8066
8072
8081
8066
8070
8067
8076
8072
8070
8071
8080
8066
8069
8077
8068
8066
8068
8075
8062
8062
8064
8078
8063
8067
8063
8068
8062
8062
8060
8073
8066
8054
8066
8066
8067
8061
8061
8068
8066
8058
8065
8058
8054
8057
8062
8060
8076
8069
8057
8061
8068
8049
8063
8058
8063
8055
8060
8066
8056
8048
8056
8063
8054
8060
8053
8056
8057
8052
8058
8052
8051
8058
8051
8052
8052
8052
8049
8047
8055
8051
8046
8054
8058
8048
8044
8045
8049
8046
8050
8053
8036
8035
8053
8051
8044
8040
8048
8051
8042
8038
8039
8043
8046
8035
8044
8052
8042
8036
8045
8041
8046
8046
8046
8042
8036
8041
8049
8041
