20981
8213
30041
31058
31751
31359
31546
29776
29798
28924
29159
29515
29573
29849
29531
29431
30201
30932
31951
33247
36011
47605
55650
56020
56287
56532
56466
56180
55673
56343
57100
56809
56544
56677
55973
56183
56295
56511
56079
55950
56271
56068
56063
56204
56735
56708
56969
56662
56469
56639
56565
56504
56125
56085
56842
56543
56648
57039
56887
56655
56687
56738
56251
56653
56603
56215
56260
56229
56656
56575
56407
56083
56213
55704
55891
55829
56053
55325
56405
56502
56333
56232
56447
56508
56355
56367
56667
56274
56380
56198
55879
55504
55935
55963
56136
55451
55871
55884
56091
56084
56350
56475
56078
56113
56128
56006
56759
56046
56433
57039
56463
55778
55596
56152
56253
56246
56532
56191
56074
56288
56543
55879
55652
56035
56083
56653
56587
56575
56591
56132
56034
55471
55436
55418
55758
56244
55956
56051
56694
56191
56412
56163
56584
56607
56562
56479
56068
55984
55981
56212
55782
56098
55660
55437
56063
56402
56149
55639
56107
55927
56343
56543
55651
55840
56063
56319
56325
56161
56073
56039
56192
55797
55919
55648
56391
56291
56891
55797
56336
56064
55487
54699
53556
52639
52380
51191
50764
49632
49323
48205
47487
46733
46120
45786
43955
43323
42655
42528
42925
43414
45400
47181
50183
53210
54703
55077
54404
53114
51364
46987
42906
38482
36415
34677
33180
31783
30401
29555
28799
28917
28994
28822
28823
28765
28150
28850
27513
27684
27375
28361
29360
31144
32989
34944
38941
43605
48378
51739
52863
51578
49711
47407
43132
37827
32432
30680
30252
31195
32084
33381
33426
32734
32242
30566
28947
27309
26069
24953
24899
24470
24409
24642
23901
23158
22889
22408
21181
20569
20079
19723
19980
19237
18873
18504
17760
17613
17379
17626
17941
18294
17922
17682
18181
18578
18466
19157
20546
20465
