45861
8216
55365
56935
57103
56628
57082
56784
56453
56798
56243
56495
56872
56491
56319
56692
56959
56226
56923
57055
56682
56415
56224
56018
56200
56335
56475
56874
57053
56752
57150
56831
56375
56517
55639
55887
55720
55887
54987
54901
55146
55139
55395
55632
56109
56144
56335
56010
55487
55263
55195
54973
54672
54696
55757
55493
55613
56031
55861
55551
55493
55566
54975
55419
55375
55092
55192
55030
55495
55454
55251
55039
55228
54671
54953
54821
55165
54932
55551
55660
55597
55407
55583
55679
55666
55573
55871
55549
55419
55246
54959
54550
55026
54783
54847
54236
54591
54619
54975
55109
55406
55427
55149
55023
55119
55000
55671
54990
55315
55221
55332
54827
54571
55189
55423
55339
55631
55359
55200
55567
55821
55055
55014
55400
55419
56077
56011
56039
56164
55595
55578
55066
55065
55065
55378
55979
55643
55706
56507
55983
56287
56040
56535
56628
56506
56467
56034
55999
56063
56206
55839
56051
55668
55500
56009
56447
56109
55692
56120
55923
56333
56629
55630
55893
56116
56317
56311
56196
56107
55963
56229
55811
55925
55640
56319
56409
56863
55910
56370
56337
56114
55963
55525
56014
56489
55759
55629
55384
55359
55845
55487
55300
56139
56328
55129
56378
55958
56064
56095
56256
55819
56021
56315
56367
56309
56103
55722
55455
56152
55967
55883
56143
55945
55972
56007
55919
55663
56191
56507
56077
56352
55924
56037
56213
56127
56168
55743
56141
55685
56148
55707
55668
55446
55536
56082
56351
56157
56207
56716
56504
56238
55833
56011
56298
56050
57072
56072
56210
56077
56122
56067
56053
55623
55903
55732
55751
55624
55193
55203
54925
54645
54237
54113
53924
53267
53039
51486
50931
50736
50371
50283
49277
48318
47421
47021
46325
45893
45643
45797
45861
44789
44444
44813
44991
45242
45915
46784
45446
