7107
8276
8291
8278
8290
8268
8291
8272
8296
8274
8291
8266
8306
8276
8294
8278
8290
8282
8285
8277
8298
8281
8285
8274
8302
8270
8304
8273
8292
8285
8294
8269
8300
8278
8300
8274
8284
8281
8306
8280
8302
8268
8292
8285
8303
8284
8285
8268
8297
8280
8373
8276
8376
8270
8290
8275
8292
8275
8300
8268
8281
8278
8284
8411
8300
8424
8288
8296
8307
8326
8324
8339
8293
8316
8344
8328
8326
8331
8318
8306
8326
8333
8292
8333
8327
8320
8313
8313
8309
8278
8292
8333
8334
8324
8335
8338
8327
8325
8335
8324
8336
8324
8315
8311
8311
8312
8314
8273
8328
8341
8320
8321
8326
8328
8317
8321
8344
8337
8325
8336
8330
8319
8332
8275
8290
8276
8319
8314
8309
8319
8332
8318
8341
8325
8320
8321
8332
8334
8332
8339
8334
8296
8283
8300
8279
8302
8275
8350
8348
8291
8282
8280
8287
8296
8277
8301
8271
8309
8259
8298
8330
8325
8284
8294
8282
8330
8326
8340
8331
8293
8322
8314
8319
8274
8298
8332
8321
8316
8313
8257
8340
8315
8315
8328
8317
8324
8345
8330
8291
8322
8318
8323
8323
8324
8323
8276
8323
8317
8320
8316
8320
8281
8332
8326
8312
8310
8329
8324
8340
8332
8341
8326
8330
8338
8325
8324
8329
8330
8313
8312
8323
8340
8333
8337
8297
8307
8306
8308
8323
8325
8326
8307
8327
8317
8333
8322
8323
8322
8326
8335
8332
8323
8256
8291
8318
8272
8293
8325
8338
8321
8321
8332
8320
8285
8316
8311
8317
8324
8314
8303
8323
8328
8337
8329
8336
8338
8329
8334
8336
8332
8336
8340
8330
8322
8334
8322
8329
8331
8336
8333
8337
8324
8342
8333
8325
8333
8326
8330
