7027
8171
7094
7197
7261
7142
7159
7041
6915
7083
6953
6976
7064
7048
7048
7102
7058
7206
7276
7397
7897
9449
11557
14008
14714
13740
12141
10140
9630
9673
10198
10735
11519
12262
13112
14438
17899
26521
39880
44045
42064
36488
26342
23583
23471
23960
24660
25142
27214
38265
54408
56063
55584
52187
37540
31967
32223
33279
34546
35566
36808
37307
38845
39525
40623
40887
41005
41774
41998
41533
41184
40667
40389
39460
39379
38078
37246
35902
35269
34293
32990
32298
31599
31343
31168
30617
30794
31284
31684
31807
32220
32741
33082
33919
36973
50752
55541
55793
55562
51739
38934
36688
35944
36034
35839
35736
35746
35789
37020
40665
43485
43861
42646
39826
36345
33502
32590
31614
30476
29409
28476
27563
26549
25878
25079
24311
23913
22891
21866
21083
20006
19435
18449
17789
17236
16273
15708
15291
14576
14091
13637
13108
12792
12412
12182
11915
11505
11253
10862
10592
10603
10210
10130
9997
9656
9547
9477
9263
9037
8934
8849
8823
8556
8548
8531
8533
8474
8324
8310
8274
8129
8074
8110
7840
7849
7781
7705
7830
7682
7592
7714
7559
7769
7602
7560
7694
7681
7771
7833
7613
7630
7565
7394
7385
7252
7269
7342
7163
7289
7309
7404
7403
7394
7271
7524
7248
7466
7364
7324
7238
7122
7058
7141
7038
7155
7049
7013
7058
6948
6971
6981
6855
7038
7079
7022
7053
6907
6969
7102
7178
7321
7444
7490
7408
7229
7142
7127
7030
7078
6908
6918
7107
7075
7169
7331
7058
7095
7013
7076
7093
6995
7157
7295
7172
7144
7120
7205
7263
7155
7186
7180
7128
7185
7042
7056
7035
6878
6864
7027
7056
7084
7113
7065
7113
6909
6894
6892
6954
7107
7078
6943
6984
6938
6898
6952
6986
7100
7017
