7064
8176
6850
6798
6905
6746
6880
6772
6734
6935
6779
6771
6849
6770
6778
6846
6787
6948
6883
6972
7148
7557
8157
8694
8840
8761
8412
7888
7874
7880
8065
8263
8517
8992
9293
9850
10685
12993
16833
18257
17768
16409
13944
13317
13353
13589
13990
14071
14694
18781
26842
30097
29240
25604
18853
17002
17044
17575
18012
18363
19088
19129
20217
20413
20708
21026
21098
21274
21506
21155
21110
21045
21117
20659
20442
19766
19484
18904
18715
18221
17997
17582
17399
17410
17570
17550
17957
18228
18767
19184
19653
20282
20997
21617
22816
27735
32472
33388
32677
30485
26437
25997
26756
26680
26697
27383
27302
27489
27912
28655
29549
29780
29420
28561
27464
26444
26064
25226
24580
23796
23017
22462
21417
20898
20404
19719
19240
18557
17702
17283
16684
15911
15336
14824
14486
13692
13129
12695
12268
11936
11605
11225
10958
10626
10363
10255
9985
9828
9549
9281
9150
8995
8942
8896
8633
8530
8389
8276
8120
8030
7928
7968
7813
7686
7780
7695
7716
7544
7577
7631
7545
7512
7512
7276
7294
7313
7190
7317
7271
7227
7322
7116
7331
7150
7162
7310
7264
7421
7367
7212
7297
7216
7073
7096
6921
6980
7008
6872
6997
6908
6937
6972
6947
6969
7230
7055
7177
7258
7171
7048
6937
6844
6927
6919
6980
6828
6860
6840
6754
6840
6852
6724
6898
6896
6884
6908
6728
6844
6989
7011
7097
7075
7104
7010
6857
6826
6983
6907
7027
6930
6922
7070
6961
7008
7132
6902
6918
6936
6972
7052
6962
7188
7216
7023
7030
7057
7150
7216
7064
7138
7170
7059
7142
7025
6961
6986
6814
6878
7009
7030
7071
7086
6985
7058
6872
6840
6882
6918
7087
7004
6874
6882
6825
6845
6900
6898
7081
7012
