6998
8174
6824
6836
6868
6741
6843
6760
6733
6910
6794
6763
6858
6790
6840
6849
6786
6896
6867
6924
7134
7543
8145
8621
8693
8676
8312
7864
7865
7770
7985
8187
8404
8868
9063
9620
10465
12733
16253
17680
17004
15909
13522
13054
13174
13256
13577
13818
14482
18363
26035
29260
28351
24913
18555
16501
16635
17142
17414
17936
18570
18754
19515
19576
20108
20479
20484
20735
21085
20784
20482
20455
20166
20006
19893
19324
18934
18452
18145
17850
17338
17179
16880
17015
17102
17168
17464
17882
18379
18985
19526
20045
20624
21242
22460
27250
31738
32660
31881
30035
26454
25845
26499
26533
26846
26954
27290
27263
27742
28702
29381
29546
29231
28584
27299
26290
25773
25125
24486
23764
22842
22318
21624
20754
20256
19622
19309
18482
17676
17324
16463
16124
15337
14734
14282
13587
13064
12666
12275
11945
11651
11105
10939
10587
10316
10226
9922
9769
9622
9232
9121
9000
8907
8889
8632
8462
8458
8270
8187
8022
7978
8047
7740
7781
7754
7750
7685
7589
7558
7578
7498
7524
7573
7272
7362
7305
7175
7302
7217
7158
7302
7146
7316
7158
7101
7346
7311
7386
7422
7179
7318
7241
7056
7110
6968
6979
6977
6877
7024
6891
6990
6932
6935
6922
7182
6965
7242
7199
7169
7074
6900
6936
6944
6895
7021
6880
6897
6873
6776
6900
6829
6717
6899
6889
6867
6901
6753
6817
6973
7029
7150
7156
7135
7021
6894
6837
6953
6898
7033
6902
6905
7085
7034
7060
7189
6907
6976
6949
7033
7037
6956
7125
7192
7049
7078
7045
7155
7188
7108
7129
7199
7069
7106
6981
6978
6994
6819
6916
7024
7018
7075
7106
7071
7141
6888
6883
6844
6899
7116
7027
6906
6881
6889
6877
6897
6930
7107
7035
