7969
8189
8328
8189
8328
8179
8180
8176
8186
8180
8170
8182
8178
8178
8182
8168
8166
8170
8166
8171
8191
8186
8157
8158
8153
8156
8145
8143
8155
8154
8150
8147
8145
8152
8147
8144
8156
8141
8144
8145
8146
8135
8134
8142
8148
8142
8137
8134
8139
8144
8129
8132
8138
8125
8128
8130
8131
8130
8125
8126
8130
8125
8122
8127
8124
8115
8121
8123
8133
8122
8122
8126
8119
8124
8126
8124
8122
8114
8123
8122
8119
8111
8131
8112
8110
8113
8121
8118
8108
8122
8112
8112
8115
8106
8106
8098
8103
8113
8101
8093
8104
8107
8099
8100
8109
8105
8099
8098
8099
8102
8104
8104
8110
8105
8103
8090
8093
8097
8106
8088
8095
8096
8092
8098
8093
8090
8096
8089
8094
8101
8088
8096
8100
8081
8088
8092
8090
8089
8076
8096
8090
8092
8085
8083
8087
8084
8077
8088
8086
8081
8081
8082
8084
8079
8076
8076
8082
8086
8088
8083
8077
8071
8084
8096
8078
8087
8077
8080
8081
8078
8084
8076
8080
8075
8076
8092
8076
8074
8079
8078
8074
8079
8072
8083
8075
8068
8077
8079
8077
8072
8071
8074
8072
8072
8076
8078
8072
8064
8072
8074
8076
8062
8077
8074
8064
8063
8070
8066
8064
8068
8070
8064
8066
8069
8074
8061
8064
8058
8063
8068
8070
8071
8063
8078
8059
8060
8064
8069
8071
8057
8057
8063
8053
8058
8063
8063
8056
8060
8059
8062
8047
8055
8057
8049
8062
8054
8050
8045
8052
8054
8055
8057
8061
8064
8053
8062
8062
8054
8056
8052
8064
8045
8049
8061
8059
8056
8049
8057
8059
8054
8057
8058
8052
8057
8049
8045
8061
8055
8053
8058
8052
8054
8054
8062
8050
8056
8052
8054
