7093
8169
6740
6745
6863
6691
6792
6657
6716
6854
6742
6704
6813
6728
6777
6748
6649
6800
6734
6790
6876
7112
7411
7613
7507
7526
7360
7147
7174
7104
7235
7318
7490
7590
7629
7892
8236
9107
10341
10664
10402
10270
9377
9260
9362
9264
9567
9500
9705
11168
13794
14847
14786
13375
11327
10597
10552
10885
10981
11368
11666
11447
11839
11865
11973
12363
12208
12356
12379
12312
12359
12336
12435
12457
12220
11914
12047
11654
11647
11470
11294
11522
11460
11549
11868
12009
12485
13008
13539
14105
14718
15464
16228
16870
17946
20234
22206
23293
23566
23362
22613
22754
23376
23783
24208
24524
24877
25105
25402
25808
26063
26037
25653
25746
25265
24595
24393
23455
23011
22329
21641
21097
20198
19701
19088
18644
18205
17542
16817
16324
15594
14993
14432
13977
13666
12897
12419
11942
11557
11329
11091
10634
10341
10133
9837
9770
9593
9381
9136
8832
8784
8617
8591
8553
8315
8211
8080
7833
7904
7712
7653
7645
7442
7490
7468
7416
7378
7313
7285
7375
7244
7261
7276
7140
7178
7074
7011
7186
6993
7019
7106
6986
7166
7005
6971
7193
7140
7244
7288
7038
7202
7074
6931
6917
6806
6858
6908
6774
6896
6829
6858
6850
6793
6778
6997
6831
7041
7050
6969
6925
6739
6805
6813
6786
6856
6772
6788
6834
6672
6750
6723
6633
6829
6770
6796
6850
6681
6758
6878
6999
7038
7121
7045
6988
6814
6761
6853
6787
6872
6812
6714
6909
6879
6920
7079
6822
6839
6830
6906
6966
6887
7029
7114
6937
7043
6974
7108
7139
7069
7099
7104
6990
7077
6924
6963
6958
6795
6827
6931
6978
7018
7035
7038
7070
6854
6774
6836
6870
7038
6941
6844
6864
6820
6822
6887
6904
7044
6965
