8048
7966
7972
7970
7979
7977
7969
7976
7980
7982
7985
7966
7981
7976
7974
7983
7972
7979
7978
7973
7967
7981
7977
7973
7981
7973
7971
7971
7968
7978
7980
7968
7972
7974
7980
7969
8093
7976
7972
7963
7971
7978
7962
7957
7976
7974
7970
7975
7978
7970
7965
7970
7971
7968
7973
7972
7962
7970
7975
7965
7974
7973
7971
7972
7975
7969
7982
7970
7971
7966
7980
7977
7967
7966
7975
7979
7972
7975
7971
7972
7970
7971
7978
7971
7963
7976
7975
7972
7976
7980
7974
7963
7978
7968
7968
7964
7972
7965
7969
7977
7973
7976
7969
7972
7981
7971
7973
7979
7971
7973
7980
7968
7972
7978
7975
7972
7966
7972
7976
7964
7964
7968
7971
7966
7978
7976
7970
7961
7976
7971
7969
7967
7973
7970
7964
7970
7972
7969
7969
7969
7975
7985
7971
7972
7972
7981
7978
7976
7989
7966
7970
7977
7982
7974
7967
7981
7973
7974
7973
7972
7982
7970
7978
7975
7977
7974
7973
7981
7974
7968
7974
7974
7966
7973
7981
7968
7972
7969
7968
7976
7961
7961
7970
7968
7971
7968
7976
7971
7968
7973
7976
7978
7968
7977
7971
7976
7975
7973
7970
7973
7966
7966
7978
7967
7960
7977
7971
7976
7977
7973
7970
7966
7973
7978
7970
7969
7968
7976
7970
7974
7965
7975
7973
7970
7974
7974
7971
7971
7972
7968
7962
7973
7964
7972
7966
7971
7974
7967
7975
7977
7974
7965
7977
7976
7974
7967
7969
7980
7974
7968
7974
7966
7966
7974
7991
7971
7965
7981
7974
7972
7978
7979
7978
7965
7965
7974
7980
7967
7977
7972
7965
7979
7978
7974
7961
7980
7971
7965
7974
7980
7973
7970
7975
7988
7973
7966
7970
7983
