8103
7969
7976
7969
7974
7964
7980
7980
7977
7970
7972
7968
7983
7978
7973
7981
7971
7976
7974
7971
7970
7990
7979
7969
7976
7970
7970
7977
7971
7967
7972
7976
7977
7968
7972
7964
7976
7973
7971
7974
7981
7977
7972
8055
7978
7971
7968
7972
7969
7967
7977
7964
7967
7989
7980
7974
7964
7971
7978
7976
7968
7976
7980
7972
7977
7969
7974
7971
7973
7975
7960
7968
7972
7978
7972
7966
7971
7971
7977
7974
7976
7975
7972
7973
7974
7972
7979
7970
7959
7973
7983
7970
7972
7979
7970
7969
7969
7971
7980
7977
7976
7975
7968
7977
7982
7971
7982
7974
7977
7970
7972
7977
7976
7973
7980
7968
7970
7974
7966
7970
7969
7969
7966
7968
7972
7982
7975
7969
7980
7970
7954
7970
7965
7969
7972
7980
7968
7965
7974
7972
7968
7975
7979
7966
7980
7968
7968
7969
7966
7974
7969
7969
7977
7973
7968
7976
7978
7967
7978
7979
7972
7970
7971
7966
7975
7975
7977
7971
7956
7982
7974
7968
7971
7969
7975
7969
7960
7971
7970
7972
7969
7971
7967
7971
7964
7974
7965
7955
7971
7975
7968
7969
7969
7969
7970
7963
7972
7974
7974
7963
7971
7976
7973
7972
7972
7974
7962
7974
7976
7968
7971
7974
7978
7974
7971
7972
7973
7978
7972
7977
7972
7979
7969
7978
7973
7977
7969
7976
7979
7973
7965
7974
7970
7962
7971
7974
7972
7965
7974
7963
7960
7969
7968
7966
7957
7979
7972
7971
7965
7978
7968
7960
7973
7966
7968
7958
7967
7974
7960
7972
7968
7973
7961
7974
7968
7957
7976
7964
7963
7974
7968
7956
7977
7958
7970
7974
7980
7968
7979
7971
7970
7966
7975
7970
7963
7971
7966
7965
