8038
7973
7966
7976
7975
7975
7968
7970
7972
7972
7966
7964
7969
7963
7966
7976
7968
7972
7971
7970
7965
7972
7969
7962
7967
7980
7965
7958
7972
7973
7962
7968
7974
7971
7969
7978
7976
7963
7974
7973
7967
7962
7963
7964
7978
7978
7966
7976
7972
7966
7964
7963
7973
7962
7968
7979
7969
7965
7970
7963
7968
7979
7974
7968
7966
7971
7970
7964
7970
7973
7972
7963
7971
7981
7964
7961
7980
7974
7981
7965
7970
7973
7965
7972
7966
7969
7964
7971
7967
7971
7970
7971
7960
7968
7967
7980
7967
7964
7982
7980
7967
7968
7975
7961
7972
7968
7976
7969
7969
7971
7971
7969
7972
7982
7973
7980
7969
7971
7972
7966
7969
7979
7966
7968
7969
7970
7968
7976
7978
7972
7975
7971
7974
7966
7972
7974
7975
7963
7972
7964
7967
7981
7976
7969
7968
7978
7974
7978
7979
7972
7969
7971
7975
7971
7976
7965
7973
7967
7968
7975
7975
7971
7973
7967
7973
7964
7971
7976
7973
7965
7974
7968
7972
7975
7982
7972
7965
7974
7974
7971
7974
7976
7971
7970
7976
7982
7974
7974
7966
7975
7964
7976
7977
7961
7959
7974
7974
7975
7964
7981
7978
7974
7968
7970
7982
7969
7962
7967
7973
7970
7959
7972
7970
7974
7965
7975
7974
7971
7956
7970
7965
7968
7963
7976
7979
7968
7969
7972
7977
7979
7972
7974
7966
7972
7974
7972
7979
7964
7974
7976
7969
7974
7970
7976
7971
7974
7976
7971
7961
7968
7968
7974
7968
7977
7972
7976
7975
7975
7971
7980
7971
7974
7971
7978
7973
7964
7970
7975
7971
7968
7973
7977
7967
7974
7978
7986
7976
7965
7980
7974
7967
7968
7969
7980
7979
7972
7979
7975
