8051
7972
7984
7970
7987
7969
7977
7975
7968
7977
7982
7967
7980
7980
7972
7977
7977
7971
7976
7973
7961
7973
7971
7969
7973
7974
7973
8112
7964
7981
7971
7970
7974
7974
7964
7969
7976
7966
7956
7968
7971
7960
7967
7966
7967
7967
7967
7968
7975
7973
7963
7974
7964
7955
7972
7967
7965
7965
7963
7965
7978
7966
7970
7973
7975
7968
7967
7965
7955
7980
7974
7962
7974
7971
7964
7969
7962
7965
7979
7969
7967
7972
7964
7971
7976
7980
7978
7973
7976
7972
7972
7976
7978
7969
7977
7976
7973
7980
7975
7964
7978
7974
7968
7976
7974
7963
7978
7980
7960
7976
7976
7976
7974
7977
7979
7972
7984
7974
7968
7979
7976
7971
7972
7973
7978
7974
7978
7975
7970
7978
7976
7969
7980
7982
7972
7975
7985
7985
7975
7984
7986
7972
7978
7976
7977
7969
7978
7984
7976
7979
7986
7975
7980
7989
7983
7974
7984
7980
7977
7982
7989
7978
7976
7974
7972
7976
7977
7971
7970
7974
7981
7968
7980
7985
7983
7974
7989
7982
7984
7979
7973
7977
7974
7985
7983
7990
7989
7983
7990
7984
7983
7973
7979
7976
7973
7981
7983
7982
7978
7984
7973
7982
7978
7970
7972
7972
7981
7974
7972
7978
7967
7976
7982
7974
7969
7981
7980
7978
7985
7976
7973
7973
7984
7976
7979
7978
7982
7977
7970
7984
7968
7970
7984
7979
7975
7981
7976
7980
7971
7966
7973
7976
7982
7981
7972
7970
7972
7971
7969
7980
7980
7980
7976
7975
7969
7973
7980
7974
7965
7971
7977
7975
7970
7972
7969
7962
7975
7975
7964
7968
7973
7975
7967
7977
7967
7974
7972
7970
7976
7970
7973
7976
7977
7961
7968
7977
7972
7974
