8041
7978
7986
7970
7970
7972
7972
7968
7971
7974
7968
7966
7972
7972
7964
7962
7972
7962
7971
7968
7963
7970
7977
7965
7968
7981
7968
7968
7974
7971
7963
7962
7977
7967
7964
7979
7969
7979
7973
8084
7968
7971
7971
7961
8020
7970
7974
7972
7974
7966
7966
7970
7976
7966
7965
7965
7967
7953
7974
7968
7965
7970
7969
7971
7969
7962
7973
7981
7965
7968
7977
7968
7965
7962
7974
7969
7967
7965
7969
7969
7972
7985
7981
7972
7967
7962
7971
7969
7970
7974
7961
7975
7976
7966
7978
7972
7968
7975
7969
7968
7972
7980
7972
7969
7974
7976
7964
7976
7976
7976
7975
7974
7970
7973
7972
7970
7969
7973
7977
7970
7973
7972
7971
7974
7969
7982
7969
7965
7979
7974
7968
7976
7982
7976
7980
7973
7976
7965
7964
7975
7976
7978
7970
7968
7972
7981
7967
7972
7981
7970
7966
7980
7969
7973
7974
7970
7965
7976
7975
7973
7971
7975
7980
7972
7973
7976
7984
7969
7981
7976
7982
7970
7976
7973
7975
7980
7969
7970
7972
7973
7963
7976
7977
7965
7971
7979
7970
7971
7972
7976
7970
7972
7979
7972
7957
7974
7980
7980
7968
7974
7984
7969
7971
7971
7979
7983
7979
7977
7967
7968
7977
7972
7972
7972
7969
7971
7963
7975
7982
7972
7964
7967
7972
7951
7979
7979
7970
7962
7975
7976
7971
7975
7971
7971
7970
7974
7974
7975
7976
7967
7963
7981
7969
7968
7973
7975
7970
7964
7971
7980
7973
7962
7978
7976
7966
7974
7975
7963
7970
7969
7971
7976
7966
7976
7970
7973
7966
7973
7975
7965
7972
7977
7978
7970
7976
7977
7968
7971
7976
7972
7972
7969
7976
7980
7967
7963
7970
7978
