8042
8001
7988
7987
7995
7975
7997
7987
7980
8003
7997
7992
7993
8007
7997
7983
7990
7987
7993
7982
7999
7994
7992
7997
7989
7989
7985
7975
7994
7987
7989
7961
7989
8020
8002
8011
7998
8002
8001
7999
7996
7977
7990
7999
7993
7990
8004
8006
7983
7988
7998
7995
7983
7987
7973
7984
7990
7999
7998
7986
8000
7992
7986
7996
7997
7999
7994
7987
8001
7993
7992
7990
7998
7992
7992
7988
7993
7971
7992
7994
7991
7983
7989
7988
7988
7996
8003
7990
7992
8008
7986
7982
8001
8008
7989
7990
7997
8008
7993
7990
7996
7992
7985
7993
8003
7986
7988
8002
7987
7976
7997
7999
7998
7996
8000
8002
7998
7984
8010
7989
7980
7984
7989
7998
7990
7996
8006
7991
7983
8011
7995
7988
7981
7998
7999
7987
8000
8008
7994
7999
8001
7995
7997
7997
8004
8006
7995
7992
8006
7996
8008
8008
7985
7986
7995
7997
7992
7975
7994
8003
7987
7976
7987
8000
7995
7986
8002
7999
7996
7999
7998
8002
8003
7993
8005
7997
7995
8003
7997
7989
7998
7994
7992
7995
8004
7984
7965
7989
7996
7996
7970
7984
7988
7988
7998
8001
7998
7991
7998
7987
7982
7996
7996
7993
7991
7993
7993
7992
8002
7998
7992
7981
7995
7998
7991
7990
7983
7995
7986
7992
8006
7996
7991
7996
8001
7996
8004
8000
8003
7998
7993
7992
8005
7994
7992
7988
8001
7992
7978
7992
8000
7997
7979
7985
7991
7988
7994
8006
7990
7992
8004
8004
7992
7988
7997
7998
7990
7999
7998
7988
7986
7998
7995
7998
7992
7987
7992
7993
7984
7994
7981
7984
7987
7994
7993
7994
8000
7998
7992
7990
7994
7992
7972
7994
8001
7991
7992
7997
