8067
7976
7977
7973
7973
7970
7974
7971
7961
7974
7978
7970
7974
7973
7970
7969
7978
7972
7966
7961
7968
7976
7972
7972
7984
7973
7972
7973
7963
7976
7976
7972
7971
7976
7978
7972
7972
7982
8067
7971
7971
7975
7968
7974
7971
7974
7976
7981
7970
7972
7981
7972
7978
7978
7986
7971
7972
7979
7975
7980
7966
7973
7980
7964
7973
7978
7964
7974
7971
7972
7970
7980
7969
7974
7962
7964
7969
7966
7968
7976
7974
7971
7976
7968
7971
7972
7971
7972
7968
7972
7963
7970
7980
7966
7968
7975
7972
7976
7968
7976
7969
7967
7978
7981
7966
7963
7973
7976
7973
7968
7973
7980
7966
7974
7976
7970
7962
7970
7982
7970
7966
7974
7966
7958
7961
7971
7964
7968
7973
7961
7969
7971
7974
7975
7962
7976
7969
7969
7973
7963
7969
7962
7976
7970
7969
7970
7972
7985
7967
7965
7969
7977
7962
7970
7969
7974
7967
7974
7970
7973
7975
7976
7966
7970
7975
7969
7956
7977
7972
7970
7967
7963
7969
7969
7972
7976
7970
7968
7967
7974
7970
7967
7962
7962
7973
7968
7962
7974
7974
7979
7967
7976
7977
7967
7973
7968
7976
7964
7973
7976
7969
7972
7969
7973
7969
7967
7971
7971
7965
7965
7974
7963
7972
7974
7973
7973
7966
7972
7970
7972
7973
7984
7970
7961
7970
7983
7969
7970
7978
7964
7971
7963
7966
7964
7968
7976
7963
7969
7974
7981
7965
7964
7975
7975
7971
7964
7981
7971
7971
7971
7978
7970
7974
7977
7962
7972
7966
7974
7976
7975
7969
7976
7968
7965
7968
7966
7974
7961
7972
7971
7964
7981
7975
7973
7958
7974
7978
7969
7971
7968
7966
7967
7964
7972
7972
7959
7968
7969
