8052
8012
8011
8010
8002
7999
8005
8008
8014
8012
8000
7996
7997
8009
8003
8018
8007
8001
8008
8008
8010
8005
8002
7993
8002
7997
8008
8007
8005
8000
7996
8009
8012
8014
8004
8007
7996
8007
8003
8008
8003
8002
7993
8003
8007
8006
8000
8003
7998
8008
8005
8010
8000
7999
7995
7999
8002
8004
8006
8004
8004
7998
8013
7998
8009
7994
8003
8008
8003
8005
8009
8001
8009
8003
8011
8001
7999
8002
8010
8004
8015
8007
7997
8002
7998
8007
7995
8005
7999
8009
8005
8005
8003
7998
8005
8010
8011
8000
7999
8001
8010
8007
8011
8002
8009
8002
8006
8008
8017
7995
8006
7999
8002
8010
8013
8001
8008
8003
8001
8003
8006
8008
7998
7999
8002
8010
8012
8001
8002
8002
8003
8012
8007
7999
8003
8005
8006
8013
8003
8006
7997
8004
8007
8009
7993
8006
7999
8010
8006
8009
7997
8003
8002
8005
8011
8009
8009
8008
8001
8006
8005
8010
8009
8007
8009
8007
8017
8002
8002
8002
8005
8010
8006
8007
8004
8001
8002
8005
8014
8008
8006
8001
7999
8003
8007
8002
7999
7994
7999
7999
8005
8001
7998
7999
8006
7997
8004
7996
7997
7994
8004
8002
8007
8004
8003
7999
8003
8003
8012
8003
8001
7991
8006
8007
8005
8006
7998
7995
8002
8010
8003
8009
8003
7997
7999
8008
8006
7998
8003
8014
8004
8007
8003
8005
7998
8003
7999
8011
7995
8005
8009
8002
8004
8002
7998
8006
8000
8002
7993
8010
8004
8001
8001
7996
7997
8002
7997
8003
8011
7996
8008
8000
8005
8003
8011
7999
8010
8007
8006
8009
7999
8005
7998
8002
8003
8007
8002
8012
7990
7995
8003
8007
8006
7999
8004
7999
8008
8001
