8008
7970
7964
7971
7974
7972
7964
7976
7968
7961
7975
7970
7976
7976
7977
7970
7974
7974
7975
7962
7975
7974
7969
7962
7979
7974
7973
7971
7972
7961
7972
7980
8007
7976
7973
7975
7974
7959
7978
7978
7968
7973
7970
7971
7967
7971
7970
7977
7969
7976
7976
7966
7966
7974
7976
7974
7980
7971
7966
7965
7979
7971
7962
7970
7970
7964
7976
7970
7966
7968
7984
7975
7964
7978
7983
7975
7969
7972
7977
7969
7980
7987
7974
7969
7973
7984
7977
7974
7978
7980
7974
7968
7974
7979
7977
7972
7970
7965
7972
7971
7974
7984
7969
7974
7981
7977
7971
7979
7984
7976
7969
7972
7981
7970
7962
7971
7967
7971
7972
7986
7983
7977
7983
7973
7981
7971
7980
7973
7964
7974
7981
7981
7974
7979
7981
7973
7973
7980
7977
7978
7967
7978
7976
7974
7963
7978
7987
7982
7981
7993
7982
7978
7981
7966
7972
7973
7973
7976
7967
7974
7980
7969
7970
7981
7974
7972
7974
7973
7980
7979
7972
7982
7969
7975
7980
7972
7974
7974
7976
7980
7973
7970
7970
7978
7975
7974
7973
7982
7980
7975
7976
7988
7967
7969
7984
7968
7965
7976
7968
7971
7973
7962
7977
7989
7978
7974
7974
7972
7966
7973
7978
7973
7963
7972
7970
7976
7977
7962
7980
7972
7962
7976
7971
7977
7977
7968
7977
7980
7986
7972
7976
7981
7978
7975
7972
7972
7972
7965
7971
7980
7973
7973
7974
7974
7974
7964
7970
7971
7966
7970
7978
7978
7968
7974
7974
7975
7963
7981
7976
7970
7983
7980
7976
7968
7973
7976
7986
7979
7977
7972
7973
7974
7973
7983
7976
7966
7976
7983
7974
7972
7975
7978
7973
7966
7974
7974
7971
7980
