8042
7969
7981
7980
7974
7975
7984
7977
7974
7977
7964
7969
7967
7975
7980
7984
7968
7972
7977
7980
7985
7982
7981
7969
7974
7984
7963
7981
7986
7974
7974
7983
7973
8031
7980
7970
7981
7975
7974
7975
7981
7975
7980
7984
7987
7984
7980
7995
7979
7971
7985
7979
7970
7981
7976
7978
7983
7973
7968
7976
7984
7978
7980
7986
7976
7980
7986
7977
7970
7980
7980
7978
7979
7979
7964
7978
7973
7973
7977
7980
7973
7980
7983
7978
7976
7987
7971
7979
7980
7972
7971
7981
7992
7973
7973
7976
7981
7982
7986
7981
7980
7974
7992
7978
7976
7984
7973
7985
7977
7982
7987
7994
7976
7979
7986
7979
7968
7983
7974
7981
7982
7986
7980
7984
7984
7984
7977
7972
7989
7991
7984
7984
7988
7982
7974
7984
7986
7985
7985
7985
7987
7978
7976
7986
7978
7977
7985
7989
7982
7977
7988
7992
7978
7982
7987
7979
7977
7992
7987
7977
7980
7981
7989
7984
7978
7986
7976
7980
7982
7984
7984
7980
7978
7990
7978
8001
7984
7976
7989
7988
7995
7982
7994
7989
7984
7981
7988
7985
7980
7989
7980
7979
7985
7977
7988
7977
7979
7984
7989
7976
7984
7980
7972
7977
7983
7988
7979
7989
7980
7974
7988
7988
7985
7981
7987
7990
7971
7986
7993
7982
7983
7984
7990
7984
7984
7988
7982
7973
7982
7997
7987
7984
7983
7979
7986
7978
7986
7978
7983
7992
7990
7983
7985
7984
7995
7988
7975
7989
7990
7980
7981
7988
7985
7981
7979
7986
7987
7980
7973
7984
7974
7981
7978
7984
7977
7977
7984
7987
7971
7986
7987
7976
7984
7976
7986
7985
7983
7978
7973
7982
7985
7991
7978
7979
7975
7985
7980
7979
